Legal Firstname,Legal Lastname,Preferred Firstname (ignored),Preferred Lastname,Adno,Reg
